Full time: 11.699863
Calc time: 1.950776
Alloc+Initalize time: 3.131533
Scatter time: 6.601167
Gather time: 0.006115
Factor Vector A ( 1024 x 1 ):
  1.00 
  2.00 
  3.00 
  4.00 
  5.00 
  6.00 
  7.00 
  8.00 
  9.00 
   ...    ... 
   ... 1024.00 
Factor Matrix B ( 1048576 x 1024 ):
  1.00   1.00   1.00   1.00   1.00   1.00   1.00   1.00   1.00    ...   1.00 
  1.00   1.00   1.00   1.00   1.00   1.00   1.00   1.00   1.00    ...   1.00 
  1.00   1.00   1.00   1.00   1.00   1.00   1.00   1.00   1.00    ...   1.00 
  1.00   1.00   1.00   1.00   1.00   1.00   1.00   1.00   1.00    ...   1.00 
  1.00   1.00   1.00   1.00   1.00   1.00   1.00   1.00   1.00    ...   1.00 
  1.00   1.00   1.00   1.00   1.00   1.00   1.00   1.00   1.00    ...   1.00 
  1.00   1.00   1.00   1.00   1.00   1.00   1.00   1.00   1.00    ...   1.00 
  1.00   1.00   1.00   1.00   1.00   1.00   1.00   1.00   1.00    ...   1.00 
  1.00   1.00   1.00   1.00   1.00   1.00   1.00   1.00   1.00    ...   1.00 
   ...    ...    ...    ...    ...    ...    ...    ...    ...    ...    ... 
  1.00   1.00   1.00   1.00   1.00   1.00   1.00   1.00   1.00    ...   0.00 
Product Matrix C ( 1048576 x 1 ):
524800.00 
524800.00 
524800.00 
524800.00 
524800.00 
524800.00 
524800.00 
524800.00 
524800.00 
   ...    ... 
   ...   0.00 
