Full time: 0.023839
Calc time: 0.001091
Alloc+Initalize time: 0.005771
Scatter time: 0.005060
Gather time: 0.001613
Factor Vector A ( 1000 x 1 ):
  1.00 
  2.00 
  3.00 
  4.00 
  5.00 
  6.00 
  7.00 
  8.00 
  9.00 
   ...    ... 
 10.00 
Factor Matrix B ( 1000 x 1000 ):
  1.00   1.00   1.00   1.00   1.00   1.00   1.00   1.00   1.00    ...   1.00 
  1.00   1.00   1.00   1.00   1.00   1.00   1.00   1.00   1.00    ...   1.00 
  1.00   1.00   1.00   1.00   1.00   1.00   1.00   1.00   1.00    ...   1.00 
  1.00   1.00   1.00   1.00   1.00   1.00   1.00   1.00   1.00    ...   1.00 
  1.00   1.00   1.00   1.00   1.00   1.00   1.00   1.00   1.00    ...   1.00 
  1.00   1.00   1.00   1.00   1.00   1.00   1.00   1.00   1.00    ...   1.00 
  1.00   1.00   1.00   1.00   1.00   1.00   1.00   1.00   1.00    ...   1.00 
  1.00   1.00   1.00   1.00   1.00   1.00   1.00   1.00   1.00    ...   1.00 
  1.00   1.00   1.00   1.00   1.00   1.00   1.00   1.00   1.00    ...   1.00 
   ...    ...    ...    ...    ...    ...    ...    ...    ...    ...    ... 
  1.00   1.00   1.00   1.00   1.00   1.00   1.00   1.00   1.00    ...   1.00 
Product Matrix C ( 1000 x 1 ):
500500.00 
500500.00 
500500.00 
500500.00 
500500.00 
500500.00 
500500.00 
500500.00 
500500.00 
   ...    ... 
500500.00 
