Full time: 12.739770
Factor Matrix A ( 1024 x 1 ):
  1.00 
  2.00 
  3.00 
  4.00 
  5.00 
  6.00 
  7.00 
  8.00 
  9.00 
   ...    ... 
   ... 1024.00 
Factor Matrix B ( 524288 x 1024 ):
  1.00   0.00   0.00   0.00   0.00   0.00   0.00   0.00   0.00    ...   0.00 
  0.00   1.00   0.00   0.00   0.00   0.00   0.00   0.00   0.00    ...   0.00 
  0.00   0.00   1.00   0.00   0.00   0.00   0.00   0.00   0.00    ...   0.00 
  0.00   0.00   0.00   1.00   0.00   0.00   0.00   0.00   0.00    ...   0.00 
  0.00   0.00   0.00   0.00   1.00   0.00   0.00   0.00   0.00    ...   0.00 
  0.00   0.00   0.00   0.00   0.00   1.00   0.00   0.00   0.00    ...   0.00 
  0.00   0.00   0.00   0.00   0.00   0.00   1.00   0.00   0.00    ...   0.00 
  0.00   0.00   0.00   0.00   0.00   0.00   0.00   1.00   0.00    ...   0.00 
  0.00   0.00   0.00   0.00   0.00   0.00   0.00   0.00   1.00    ...   0.00 
   ...    ...    ...    ...    ...    ...    ...    ...    ...    ...    ... 
  0.00   0.00   0.00   0.00   0.00   0.00   0.00   0.00   0.00    ...   0.00 
Product Matrix C ( 524288 x 1 ):
  1.00 
  2.00 
  3.00 
  4.00 
  5.00 
  6.00 
  7.00 
  8.00 
  9.00 
   ...    ... 
   ...   0.00 
