Full time: 0.014076
Factor Matrix A ( 1000 x 1 ):
  1.00 
  2.00 
  3.00 
  4.00 
  5.00 
  6.00 
  7.00 
  8.00 
  9.00 
   ...    ... 
   ... 1000.00 
Factor Matrix B ( 1000 x 1000 ):
  1.00   0.00   0.00   0.00   0.00   0.00   0.00   0.00   0.00    ...   0.00 
  0.00   1.00   0.00   0.00   0.00   0.00   0.00   0.00   0.00    ...   0.00 
  0.00   0.00   1.00   0.00   0.00   0.00   0.00   0.00   0.00    ...   0.00 
  0.00   0.00   0.00   1.00   0.00   0.00   0.00   0.00   0.00    ...   0.00 
  0.00   0.00   0.00   0.00   1.00   0.00   0.00   0.00   0.00    ...   0.00 
  0.00   0.00   0.00   0.00   0.00   1.00   0.00   0.00   0.00    ...   0.00 
  0.00   0.00   0.00   0.00   0.00   0.00   1.00   0.00   0.00    ...   0.00 
  0.00   0.00   0.00   0.00   0.00   0.00   0.00   1.00   0.00    ...   0.00 
  0.00   0.00   0.00   0.00   0.00   0.00   0.00   0.00   1.00    ...   0.00 
   ...    ...    ...    ...    ...    ...    ...    ...    ...    ...    ... 
  0.00   0.00   0.00   0.00   0.00   0.00   0.00   0.00   0.00    ...   1.00 
Product Matrix C ( 1000 x 1 ):
  1.00 
  2.00 
  3.00 
  4.00 
  5.00 
  6.00 
  7.00 
  8.00 
  9.00 
   ...    ... 
   ... 1000.00 
