Full time: 0.013052
Factor Matrix A ( 1000 x 1000 ):
  1.00   2.00   3.00   4.00   5.00   6.00   7.00   8.00   9.00    ... 1000.00 
1001.00 1002.00 1003.00 1004.00 1005.00 1006.00 1007.00 1008.00 1009.00    ... 2000.00 
2001.00 2002.00 2003.00 2004.00 2005.00 2006.00 2007.00 2008.00 2009.00    ... 3000.00 
3001.00 3002.00 3003.00 3004.00 3005.00 3006.00 3007.00 3008.00 3009.00    ... 4000.00 
4001.00 4002.00 4003.00 4004.00 4005.00 4006.00 4007.00 4008.00 4009.00    ... 5000.00 
5001.00 5002.00 5003.00 5004.00 5005.00 5006.00 5007.00 5008.00 5009.00    ... 6000.00 
6001.00 6002.00 6003.00 6004.00 6005.00 6006.00 6007.00 6008.00 6009.00    ... 7000.00 
7001.00 7002.00 7003.00 7004.00 7005.00 7006.00 7007.00 7008.00 7009.00    ... 8000.00 
8001.00 8002.00 8003.00 8004.00 8005.00 8006.00 8007.00 8008.00 8009.00    ... 9000.00 
   ...    ...    ...    ...    ...    ...    ...    ...    ...    ...    ... 
9001.00 9002.00 9003.00 9004.00 9005.00 9006.00 9007.00 9008.00 9009.00    ... 1000000.00 
Factor Matrix B ( 1000 x 1 ):
  1.00 
  0.00 
  0.00 
  0.00 
  0.00 
  0.00 
  0.00 
  0.00 
  0.00 
   ...    ... 
   ...   0.00 
Product Matrix C ( 1000 x 1 ):
  1.00 
1001.00 
2001.00 
3001.00 
4001.00 
5001.00 
6001.00 
7001.00 
8001.00 
   ...    ... 
   ... 999001.00 
