Full time: 6.218736
Calc time: 1.187716
Alloc+Initalize time: 5.031014
Factor Matrix A ( 16384 x 1 ):
  1.00 
  2.00 
  3.00 
  4.00 
  5.00 
  6.00 
  7.00 
  8.00 
  9.00 
   ...    ... 
   ... 16384.00 
Factor Matrix B ( 16384 x 16384 ):
  1.00   0.00   0.00   0.00   0.00   0.00   0.00   0.00   0.00    ...   0.00 
  0.00   1.00   0.00   0.00   0.00   0.00   0.00   0.00   0.00    ...   0.00 
  0.00   0.00   1.00   0.00   0.00   0.00   0.00   0.00   0.00    ...   0.00 
  0.00   0.00   0.00   1.00   0.00   0.00   0.00   0.00   0.00    ...   0.00 
  0.00   0.00   0.00   0.00   1.00   0.00   0.00   0.00   0.00    ...   0.00 
  0.00   0.00   0.00   0.00   0.00   1.00   0.00   0.00   0.00    ...   0.00 
  0.00   0.00   0.00   0.00   0.00   0.00   1.00   0.00   0.00    ...   0.00 
  0.00   0.00   0.00   0.00   0.00   0.00   0.00   1.00   0.00    ...   0.00 
  0.00   0.00   0.00   0.00   0.00   0.00   0.00   0.00   1.00    ...   0.00 
   ...    ...    ...    ...    ...    ...    ...    ...    ...    ...    ... 
  0.00   0.00   0.00   0.00   0.00   0.00   0.00   0.00   0.00    ...   1.00 
Product Matrix C ( 16384 x 1 ):
  1.00 
  2.00 
  3.00 
  4.00 
  5.00 
  6.00 
  7.00 
  8.00 
  9.00 
   ...    ... 
   ... 16384.00 
